t_min,acc,algo,preset,model,dataset,seed,local_steps,lr,lam,alpha_base,eps,a,To_max_min,run_name
8.0,0.4343,fedsat,bremen,snn,mnist,0,50,0.1,0.0,0.1,0.1,1.0,127.0,
10.0,0.4343,fedsat,bremen,snn,mnist,0,50,0.1,0.0,0.1,0.1,1.0,127.0,
18.0,0.6394,fedsat,bremen,snn,mnist,0,50,0.1,0.0,0.1,0.1,1.0,127.0,
27.4,0.7201,fedsat,bremen,snn,mnist,0,50,0.1,0.0,0.1,0.1,1.0,127.0,
35.4,0.7201,fedsat,bremen,snn,mnist,0,50,0.1,0.0,0.1,0.1,1.0,127.0,
38.8,0.7201,fedsat,bremen,snn,mnist,0,50,0.1,0.0,0.1,0.1,1.0,127.0,
43.4,0.7394,fedsat,bremen,snn,mnist,0,50,0.1,0.0,0.1,0.1,1.0,127.0,
46.8,0.7123,fedsat,bremen,snn,mnist,0,50,0.1,0.0,0.1,0.1,1.0,127.0,
58.199999999999996,0.7123,fedsat,bremen,snn,mnist,0,50,0.1,0.0,0.1,0.1,1.0,127.0,
60.8,0.7123,fedsat,bremen,snn,mnist,0,50,0.1,0.0,0.1,0.1,1.0,127.0,
66.19999999999999,0.7326,fedsat,bremen,snn,mnist,0,50,0.1,0.0,0.1,0.1,1.0,127.0,
68.8,0.7301,fedsat,bremen,snn,mnist,0,50,0.1,0.0,0.1,0.1,1.0,127.0,
77.6,0.7301,fedsat,bremen,snn,mnist,0,50,0.1,0.0,0.1,0.1,1.0,127.0,
85.6,0.7288,fedsat,bremen,snn,mnist,0,50,0.1,0.0,0.1,0.1,1.0,127.0,
86.19999999999999,0.7288,fedsat,bremen,snn,mnist,0,50,0.1,0.0,0.1,0.1,1.0,127.0,
94.19999999999999,0.7495,fedsat,bremen,snn,mnist,0,50,0.1,0.0,0.1,0.1,1.0,127.0,
97.0,0.7495,fedsat,bremen,snn,mnist,0,50,0.1,0.0,0.1,0.1,1.0,127.0,
105.0,0.7833,fedsat,bremen,snn,mnist,0,50,0.1,0.0,0.1,0.1,1.0,127.0,
111.6,0.7833,fedsat,bremen,snn,mnist,0,50,0.1,0.0,0.1,0.1,1.0,127.0,
116.4,0.7833,fedsat,bremen,snn,mnist,0,50,0.1,0.0,0.1,0.1,1.0,127.0,
119.6,0.8179,fedsat,bremen,snn,mnist,0,50,0.1,0.0,0.1,0.1,1.0,127.0,
124.4,0.814,fedsat,bremen,snn,mnist,0,50,0.1,0.0,0.1,0.1,1.0,127.0,
135.8,0.814,fedsat,bremen,snn,mnist,0,50,0.1,0.0,0.1,0.1,1.0,127.0,
137.0,0.814,fedsat,bremen,snn,mnist,0,50,0.1,0.0,0.1,0.1,1.0,127.0,
143.8,0.8361,fedsat,bremen,snn,mnist,0,50,0.1,0.0,0.1,0.1,1.0,127.0,
145.0,0.842,fedsat,bremen,snn,mnist,0,50,0.1,0.0,0.1,0.1,1.0,127.0,
155.2,0.842,fedsat,bremen,snn,mnist,0,50,0.1,0.0,0.1,0.1,1.0,127.0,
162.4,0.842,fedsat,bremen,snn,mnist,0,50,0.1,0.0,0.1,0.1,1.0,127.0,
163.2,0.8511,fedsat,bremen,snn,mnist,0,50,0.1,0.0,0.1,0.1,1.0,127.0,
170.4,0.8511,fedsat,bremen,snn,mnist,0,50,0.1,0.0,0.1,0.1,1.0,127.0,
174.6,0.8511,fedsat,bremen,snn,mnist,0,50,0.1,0.0,0.1,0.1,1.0,127.0,
182.6,0.8618,fedsat,bremen,snn,mnist,0,50,0.1,0.0,0.1,0.1,1.0,127.0,
187.8,0.8618,fedsat,bremen,snn,mnist,0,50,0.1,0.0,0.1,0.1,1.0,127.0,
194.0,0.8618,fedsat,bremen,snn,mnist,0,50,0.1,0.0,0.1,0.1,1.0,127.0,
195.8,0.8569,fedsat,bremen,snn,mnist,0,50,0.1,0.0,0.1,0.1,1.0,127.0,
202.0,0.862,fedsat,bremen,snn,mnist,0,50,0.1,0.0,0.1,0.1,1.0,127.0,
213.2,0.862,fedsat,bremen,snn,mnist,0,50,0.1,0.0,0.1,0.1,1.0,127.0,
213.4,0.862,fedsat,bremen,snn,mnist,0,50,0.1,0.0,0.1,0.1,1.0,127.0,
221.2,0.8711,fedsat,bremen,snn,mnist,0,50,0.1,0.0,0.1,0.1,1.0,127.0,
221.4,0.8656,fedsat,bremen,snn,mnist,0,50,0.1,0.0,0.1,0.1,1.0,127.0,
232.8,0.8656,fedsat,bremen,snn,mnist,0,50,0.1,0.0,0.1,0.1,1.0,127.0,
238.6,0.8656,fedsat,bremen,snn,mnist,0,50,0.1,0.0,0.1,0.1,1.0,127.0,
240.8,0.8682,fedsat,bremen,snn,mnist,0,50,0.1,0.0,0.1,0.1,1.0,127.0,
246.6,0.8712,fedsat,bremen,snn,mnist,0,50,0.1,0.0,0.1,0.1,1.0,127.0,
252.2,0.8712,fedsat,bremen,snn,mnist,0,50,0.1,0.0,0.1,0.1,1.0,127.0,
260.2,0.8819,fedsat,bremen,snn,mnist,0,50,0.1,0.0,0.1,0.1,1.0,127.0,
264.0,0.8819,fedsat,bremen,snn,mnist,0,50,0.1,0.0,0.1,0.1,1.0,127.0,
271.6,0.8819,fedsat,bremen,snn,mnist,0,50,0.1,0.0,0.1,0.1,1.0,127.0,
272.0,0.8814,fedsat,bremen,snn,mnist,0,50,0.1,0.0,0.1,0.1,1.0,127.0,
279.6,0.8834,fedsat,bremen,snn,mnist,0,50,0.1,0.0,0.1,0.1,1.0,127.0,
289.4,0.8834,fedsat,bremen,snn,mnist,0,50,0.1,0.0,0.1,0.1,1.0,127.0,
291.0,0.8834,fedsat,bremen,snn,mnist,0,50,0.1,0.0,0.1,0.1,1.0,127.0,
297.4,0.8817,fedsat,bremen,snn,mnist,0,50,0.1,0.0,0.1,0.1,1.0,127.0,
299.0,0.8894,fedsat,bremen,snn,mnist,0,50,0.1,0.0,0.1,0.1,1.0,127.0,
310.4,0.8894,fedsat,bremen,snn,mnist,0,50,0.1,0.0,0.1,0.1,1.0,127.0,
314.8,0.8894,fedsat,bremen,snn,mnist,0,50,0.1,0.0,0.1,0.1,1.0,127.0,
318.4,0.8893,fedsat,bremen,snn,mnist,0,50,0.1,0.0,0.1,0.1,1.0,127.0,
322.8,0.8917,fedsat,bremen,snn,mnist,0,50,0.1,0.0,0.1,0.1,1.0,127.0,
329.8,0.8917,fedsat,bremen,snn,mnist,0,50,0.1,0.0,0.1,0.1,1.0,127.0,
337.8,0.8946,fedsat,bremen,snn,mnist,0,50,0.1,0.0,0.1,0.1,1.0,127.0,
340.2,0.8946,fedsat,bremen,snn,mnist,0,50,0.1,0.0,0.1,0.1,1.0,127.0,
348.2,0.8974,fedsat,bremen,snn,mnist,0,50,0.1,0.0,0.1,0.1,1.0,127.0,
349.2,0.8974,fedsat,bremen,snn,mnist,0,50,0.1,0.0,0.1,0.1,1.0,127.0,
357.2,0.8974,fedsat,bremen,snn,mnist,0,50,0.1,0.0,0.1,0.1,1.0,127.0,
365.6,0.8974,fedsat,bremen,snn,mnist,0,50,0.1,0.0,0.1,0.1,1.0,127.0,
368.6,0.8974,fedsat,bremen,snn,mnist,0,50,0.1,0.0,0.1,0.1,1.0,127.0,
373.6,0.8945,fedsat,bremen,snn,mnist,0,50,0.1,0.0,0.1,0.1,1.0,127.0,
376.6,0.8975,fedsat,bremen,snn,mnist,0,50,0.1,0.0,0.1,0.1,1.0,127.0,
388.0,0.8975,fedsat,bremen,snn,mnist,0,50,0.1,0.0,0.1,0.1,1.0,127.0,
391.0,0.8975,fedsat,bremen,snn,mnist,0,50,0.1,0.0,0.1,0.1,1.0,127.0,
396.0,0.8975,fedsat,bremen,snn,mnist,0,50,0.1,0.0,0.1,0.1,1.0,127.0,
399.0,0.8919,fedsat,bremen,snn,mnist,0,50,0.1,0.0,0.1,0.1,1.0,127.0,
407.4,0.8919,fedsat,bremen,snn,mnist,0,50,0.1,0.0,0.1,0.1,1.0,127.0,
415.4,0.8951,fedsat,bremen,snn,mnist,0,50,0.1,0.0,0.1,0.1,1.0,127.0,
416.4,0.8951,fedsat,bremen,snn,mnist,0,50,0.1,0.0,0.1,0.1,1.0,127.0,
424.4,0.8951,fedsat,bremen,snn,mnist,0,50,0.1,0.0,0.1,0.1,1.0,127.0,
426.8,0.8951,fedsat,bremen,snn,mnist,0,50,0.1,0.0,0.1,0.1,1.0,127.0,
434.8,0.8959,fedsat,bremen,snn,mnist,0,50,0.1,0.0,0.1,0.1,1.0,127.0,
441.8,0.8959,fedsat,bremen,snn,mnist,0,50,0.1,0.0,0.1,0.1,1.0,127.0,
446.2,0.8959,fedsat,bremen,snn,mnist,0,50,0.1,0.0,0.1,0.1,1.0,127.0,
449.8,0.8925,fedsat,bremen,snn,mnist,0,50,0.1,0.0,0.1,0.1,1.0,127.0,
454.2,0.888,fedsat,bremen,snn,mnist,0,50,0.1,0.0,0.1,0.1,1.0,127.0,
465.6,0.888,fedsat,bremen,snn,mnist,0,50,0.1,0.0,0.1,0.1,1.0,127.0,
467.2,0.888,fedsat,bremen,snn,mnist,0,50,0.1,0.0,0.1,0.1,1.0,127.0,
473.6,0.8861,fedsat,bremen,snn,mnist,0,50,0.1,0.0,0.1,0.1,1.0,127.0,
475.2,0.882,fedsat,bremen,snn,mnist,0,50,0.1,0.0,0.1,0.1,1.0,127.0,
485.0,0.882,fedsat,bremen,snn,mnist,0,50,0.1,0.0,0.1,0.1,1.0,127.0,
492.6,0.882,fedsat,bremen,snn,mnist,0,50,0.1,0.0,0.1,0.1,1.0,127.0,
493.0,0.881,fedsat,bremen,snn,mnist,0,50,0.1,0.0,0.1,0.1,1.0,127.0,
500.6,0.8801,fedsat,bremen,snn,mnist,0,50,0.1,0.0,0.1,0.1,1.0,127.0,
504.4,0.8801,fedsat,bremen,snn,mnist,0,50,0.1,0.0,0.1,0.1,1.0,127.0,
512.4,0.8864,fedsat,bremen,snn,mnist,0,50,0.1,0.0,0.1,0.1,1.0,127.0,
518.0,0.8864,fedsat,bremen,snn,mnist,0,50,0.1,0.0,0.1,0.1,1.0,127.0,
523.8,0.8864,fedsat,bremen,snn,mnist,0,50,0.1,0.0,0.1,0.1,1.0,127.0,
526.0,0.8816,fedsat,bremen,snn,mnist,0,50,0.1,0.0,0.1,0.1,1.0,127.0,
531.8,0.8862,fedsat,bremen,snn,mnist,0,50,0.1,0.0,0.1,0.1,1.0,127.0,
543.2,0.8862,fedsat,bremen,snn,mnist,0,50,0.1,0.0,0.1,0.1,1.0,127.0,
543.4,0.8862,fedsat,bremen,snn,mnist,0,50,0.1,0.0,0.1,0.1,1.0,127.0,
551.2,0.8884,fedsat,bremen,snn,mnist,0,50,0.1,0.0,0.1,0.1,1.0,127.0,
551.4,0.8895,fedsat,bremen,snn,mnist,0,50,0.1,0.0,0.1,0.1,1.0,127.0,
562.6,0.8895,fedsat,bremen,snn,mnist,0,50,0.1,0.0,0.1,0.1,1.0,127.0,
568.8,0.8895,fedsat,bremen,snn,mnist,0,50,0.1,0.0,0.1,0.1,1.0,127.0,
570.6,0.8782,fedsat,bremen,snn,mnist,0,50,0.1,0.0,0.1,0.1,1.0,127.0,
576.8,0.863,fedsat,bremen,snn,mnist,0,50,0.1,0.0,0.1,0.1,1.0,127.0,
582.0,0.863,fedsat,bremen,snn,mnist,0,50,0.1,0.0,0.1,0.1,1.0,127.0,
590.0,0.8689,fedsat,bremen,snn,mnist,0,50,0.1,0.0,0.1,0.1,1.0,127.0,
594.2,0.8689,fedsat,bremen,snn,mnist,0,50,0.1,0.0,0.1,0.1,1.0,127.0,
8.0,0.4343,fedsat,bremen,snn,mnist,0,50,0.1,0.0,0.1,0.1,1.0,127.0,
10.0,0.4343,fedsat,bremen,snn,mnist,0,50,0.1,0.0,0.1,0.1,1.0,127.0,
18.0,0.6394,fedsat,bremen,snn,mnist,0,50,0.1,0.0,0.1,0.1,1.0,127.0,
27.4,0.7201,fedsat,bremen,snn,mnist,0,50,0.1,0.0,0.1,0.1,1.0,127.0,
35.4,0.7201,fedsat,bremen,snn,mnist,0,50,0.1,0.0,0.1,0.1,1.0,127.0,
8.0,0.4343,fedsat,bremen,snn,mnist,0,50,0.1,0.0,0.1,0.1,1.0,127.0,
10.0,0.4343,fedsat,bremen,snn,mnist,0,50,0.1,0.0,0.1,0.1,1.0,127.0,
18.0,0.6394,fedsat,bremen,snn,mnist,0,50,0.1,0.0,0.1,0.1,1.0,127.0,
8.0,0.4343,fedsat,bremen,snn,mnist,0,50,0.1,0.0,0.1,0.1,1.0,127.0,
10.0,0.4343,fedsat,bremen,snn,mnist,0,50,0.1,0.0,0.1,0.1,1.0,127.0,
18.0,0.6394,fedsat,bremen,snn,mnist,0,50,0.1,0.0,0.1,0.1,1.0,127.0,
27.4,0.7201,fedsat,bremen,snn,mnist,0,50,0.1,0.0,0.1,0.1,1.0,127.0,
35.4,0.7201,fedsat,bremen,snn,mnist,0,50,0.1,0.0,0.1,0.1,1.0,127.0,
8.0,0.4343,fedsat,bremen,snn,mnist,0,50,0.1,0.0,0.1,0.1,1.0,127.0,
10.0,0.4343,fedsat,bremen,snn,mnist,0,50,0.1,0.0,0.1,0.1,1.0,127.0,
18.0,0.6394,fedsat,bremen,snn,mnist,0,50,0.1,0.0,0.1,0.1,1.0,127.0,
